local_obj_coords,global_obj_coords,local_to_global_obj_coords,local_wrist_coords,global_wrist_coords,local_to_global_wrist_coords,global_to_local_transf,shape,orientation,hand_orient_variation,local_finger_coords,global_finger_coords,local_to_global_finger_coords,local_coord_region,total_episode_reward,success,coords_file,coords_file_idx
"[0.04767336972903511, 0.08180424993735605, 0.00485573887459358]","[-0.041626992106826244, -0.012501596448619255, 0.0478948059419471]","[-0.041626992106826244, -0.012501596448619257, 0.0478948059419471]","[0.0, 0.0, 1.734723475976807e-18]","[0.0015847063422333454, 0.07187608606229656, 0.04908623381956648]","[0.0015847063422333447, 0.07187608606229656, 0.04908623381956647]","[[-9.89312582e-01 -6.02256858e-02  1.32791119e-01 -6.21659420e-04]
 [ 3.99893342e-02 -9.87860947e-01 -1.50105306e-01  7.83083112e-02]
 [ 1.40219356e-01 -1.43190839e-01  9.79711649e-01 -3.80205645e-02]
 [ 0.00000000e+00  0.00000000e+00  0.00000000e+00  1.00000000e+00]]",CubeS,normal,[-1.42347103 -0.04273998 -1.4398035 ],"[-0.0546791107631976, 0.011449705345525973, 0.007493713973906189, 0.045043875456994995, 0.011599706300278893, 0.02641395439015642, 0.04504374932373909, 0.011599706300795515, -0.025858177047152934, -0.08275176958079666, 0.03370299521106639, 0.01351164695708042, 0.073266167455117, 0.033852997465367796, 0.031685753609927404, 0.07326615960941656, 0.03385299746539995, -0.031129342983574216]","[0.05718806844628321, 0.06278542504923093, 0.04744835087272481, -0.03881015420938071, 0.053922154633042146, 0.07920454181009864, -0.04613959400646013, 0.061407052587044646, 0.027992908952959517, 0.08669442796270095, 0.04163125130657814, 0.04627605326860451, -0.06510172019807732, 0.02948441710845273, 0.08477671758445728, -0.0739096047981192, 0.03847896396549454, 0.023236034652271476]","[0.05718806844628321, 0.06278542504923093, 0.0474483508727248, -0.03881015420938072, 0.05392215463304215, 0.07920454181009866, -0.04613959400646013, 0.06140705258704464, 0.027992908952959514, 0.08669442796270095, 0.04163125130657814, 0.04627605326860452, -0.06510172019807732, 0.029484417108452718, 0.08477671758445726, -0.07390960479811921, 0.03847896396549455, 0.023236034652271476]",None,0,0,gym_kinova_gripper/envs/kinova_description/obj_hand_coords/with_noise/shape_coords/normal/CubeS.txt,0
"[0.055371512185508204, 0.09637316446109812, 0.01236905651002814]","[-0.046245436230981436, -0.028755851775094914, 0.04790562553549016]","[-0.04624543623098144, -0.028755851775094904, 0.04790562553549016]","[0.0, 0.0, 0.0]","[0.0011175053397494512, 0.07250960446594029, 0.044931758193705824]","[0.001117505339749451, 0.0725096044659403, 0.04493175819370583]","[[-9.82471445e-01 -8.23722691e-02  1.67226401e-01 -4.43078472e-04]
 [ 4.99791693e-02 -9.80626469e-01 -1.89403830e-01  7.95592325e-02]
 [ 1.79588258e-01 -1.77726018e-01  9.67554402e-01 -3.07877680e-02]
 [ 0.00000000e+00  0.00000000e+00  0.00000000e+00  1.00000000e+00]]",CubeS,normal,[-1.38147908 -0.05916048 -1.39479628],"[-0.056234847379414234, 0.01143270914802641, 0.007715094347767291, 0.04348813884077839, 0.011582710102779364, 0.02663533476401752, 0.0434880127075225, 0.011582710103295965, -0.02563679667329183, -0.08430750619701331, 0.03368599901356682, 0.013733027330941507, 0.0717104308389004, 0.033836001267868274, 0.0319071339837885, 0.07171042299319996, 0.03383600126790039, -0.030907962609713114]","[0.05832357476284128, 0.06455940624860247, 0.04082718166137446, -0.036246061657417505, 0.05283528370517515, 0.07578144887289849, -0.04563339877612904, 0.06212541184573135, 0.02520529692391209, 0.08809711147864685, 0.04398010652435691, 0.03774051118798276, -0.061914703410615016, 0.027751447251672078, 0.08138685515959879, -0.07319554949293297, 0.03891532485986624, 0.020609830648133]","[0.05832357476284128, 0.06455940624860247, 0.04082718166137446, -0.036246061657417505, 0.05283528370517516, 0.0757814488728985, -0.04563339877612904, 0.062125411845731345, 0.02520529692391209, 0.08809711147864684, 0.043980106524356924, 0.03774051118798276, -0.06191470341061501, 0.027751447251672078, 0.0813868551595988, -0.07319554949293297, 0.03891532485986624, 0.020609830648133]",None,0,0,gym_kinova_gripper/envs/kinova_description/obj_hand_coords/with_noise/shape_coords/normal/CubeS.txt,0
"[-0.0037170672233760417, 0.07311361126374794, -0.01766640917552161]","[-0.0049729645791225675, 0.0009089645790512932, 0.04795333441087261]","[-0.004972964579122564, 0.0009089645790513051, 0.0479533344108726]","[0.0, 0.0, 7.589415207398531e-19]","[1.4765719357488424e-05, 0.07393705569797938, 0.06566037278327301]","[1.4765719357489398e-05, 0.07393705569797938, 0.065660372783273]","[[-0.97718667  0.1532838  -0.1470044  -0.00166656]
 [-0.15339201 -0.98810783 -0.01066835  0.07376054]
 [-0.14689148  0.01212433  0.9890783  -0.06583752]
 [ 0.          0.          0.          1.        ]]",CubeS,normal,[-1.56586048  0.15443944 -1.72180581],"[-0.03559093117782647, 0.01597666885267733, 0.008246069816561213, 0.06413205504236613, 0.016126669807430258, 0.027166310232811457, 0.06413192890911025, 0.016126669807946845, -0.025105821204497905, -0.06366358999542554, 0.038229958718217785, 0.014264002799735435, 0.09235434704048814, 0.038379960972519125, 0.03243810945258245, 0.09235433919478775, 0.038379960972551294, -0.030376987140919187]","[0.031131778392586813, 0.05279484907718782, 0.07887796025793475, -0.06911842530588667, 0.06816194546069412, 0.08293024177856712, -0.06143997123805214, 0.06752816148905427, 0.031229029162026842, 0.05426654635223267, 0.026576078792809855, 0.08871956564259766, -0.10088473225544743, 0.0505632314805654, 0.0837582570869838, -0.09165772200855385, 0.04980163923900782, 0.02162920897571524]","[0.031131778392586813, 0.05279484907718783, 0.07887796025793474, -0.06911842530588669, 0.06816194546069411, 0.0829302417785671, -0.061439971238052137, 0.06752816148905427, 0.031229029162026835, 0.05426654635223268, 0.02657607879280985, 0.08871956564259766, -0.10088473225544743, 0.05056323148056541, 0.08375825708698378, -0.09165772200855385, 0.049801639239007815, 0.021629208975715235]",None,0,0,gym_kinova_gripper/envs/kinova_description/obj_hand_coords/with_noise/shape_coords/normal/CubeS.txt,0
"[-0.002525412122079247, 0.0784577448886615, 0.03584415383375342]","[0.011083680024245212, -0.010070500670293128, 0.04790643728693671]","[0.011083680024245212, -0.010070500670293123, 0.0479064372869367]","[0.0, 0.0, 0.0]","[0.0024009954786889287, 0.07484554440626612, 0.03523066981129519]","[0.0024009954786889287, 0.07484554440626613, 0.03523066981129519]","[[-0.99736998 -0.06886996  0.02258422  0.00675363]
 [ 0.05996401 -0.95910608 -0.27662221  0.08138643]
 [ 0.04071162 -0.27454045  0.96071333 -0.01339619]
 [ 0.          0.          0.          1.        ]]",CubeS,normal,[-1.29508507 -0.06614164 -1.53193599],"[-0.05606731857748612, 0.011429493859964238, 0.007232665888924454, 0.043655667642706474, 0.011579494814717275, 0.026152906305174674, 0.043655541509450585, 0.011579494815233848, -0.02611922513213468, -0.08413997739508519, 0.03368278372550468, 0.013250598872098661, 0.07187795964082846, 0.03383278597980617, 0.03142470552494565, 0.07187795179512806, 0.03383278597983827, -0.03139039106855597]","[0.059300667815554944, 0.06575914195645355, 0.03775130003058905, -0.03938077690038391, 0.05355298594446943, 0.05813889926527253, -0.04150873426317776, 0.06790380889276068, 0.00792036281523066, 0.08887889126789794, 0.04469707320065576, 0.03674305529423978, -0.06597982379197415, 0.028818728897460767, 0.057685210924504224, -0.06853712032492423, 0.04606401405263871, -0.0026620900458802096]","[0.05930066781555494, 0.06575914195645358, 0.037751300030589054, -0.03938077690038391, 0.05355298594446944, 0.05813889926527252, -0.04150873426317777, 0.0679038088927607, 0.007920362815230658, 0.08887889126789794, 0.04469707320065576, 0.03674305529423978, -0.06597982379197413, 0.02881872889746078, 0.05768521092450422, -0.06853712032492425, 0.04606401405263872, -0.002662090045880203]",None,0,0,gym_kinova_gripper/envs/kinova_description/obj_hand_coords/with_noise/shape_coords/normal/CubeS.txt,0
"[-0.04722627564320616, 0.08240698078383724, 0.005625808263728658]","[0.039188393068918116, -0.013396365092823152, 0.047891133793035175]","[0.039188393068918116, -0.013396365092823145, 0.047891133793035175]","[0.0, 0.0, -1.734723475976807e-18]","[0.0011886090249898368, 0.07378380191158165, 0.05080938761252107]","[0.0011886090249898372, 0.07378380191158165, 0.05080938761252107]","[[-0.99168383  0.11160275 -0.06409373 -0.00379919]
 [-0.10182322 -0.9849585  -0.13960223  0.07988811]
 [-0.07870966 -0.13191505  0.98813117 -0.04037959]
 [ 0.          0.          0.          1.        ]]",CubeS,normal,[-1.43081524  0.10235373 -1.6578195 ],"[-0.039803790199006345, 0.014238850299488702, 0.007714966765740655, 0.059919196021186255, 0.014388851254241608, 0.02663520718199087, 0.05991906988793037, 0.014388851254758195, -0.02563692425531848, -0.06787644901660539, 0.036492140165029135, 0.013732899748914871, 0.08814148801930828, 0.03664214241933048, 0.03190700640176187, 0.08814148017360786, 0.03664214241936262, -0.03090809019173977]","[0.03860429613426809, 0.054299192794429796, 0.058996184907351173, -0.061793856126354255, 0.06278494273433012, 0.07127930539761072, -0.05767940941896121, 0.0696804093500353, 0.019627591065374157, 0.06370392680785848, 0.02845378406437315, 0.06363536457025872, -0.0924622901428093, 0.04332063007164925, 0.07157305336238097, -0.08751812755045968, 0.05160688563671376, 0.009503498949433475]","[0.038604296134268086, 0.05429919279442979, 0.058996184907351173, -0.06179385612635424, 0.06278494273433012, 0.07127930539761071, -0.0576794094189612, 0.0696804093500353, 0.019627591065374154, 0.06370392680785847, 0.028453784064373155, 0.06363536457025873, -0.0924622901428093, 0.04332063007164925, 0.07157305336238098, -0.08751812755045967, 0.051606885636713756, 0.009503498949433475]",None,0,0,gym_kinova_gripper/envs/kinova_description/obj_hand_coords/with_noise/shape_coords/normal/CubeS.txt,0
"[0.008193386559027935, 0.0560019041391131, -0.015021474716386572]","[-0.021003700789781986, 0.024508108020895168, 0.04786294996099716]","[-0.021003700789781986, 0.024508108020895182, 0.04786294996099717]","[0.0, 0.0, -5.854691731421724e-18]","[-0.0011552731788457733, 0.07691627594158015, 0.06484568854279911]","[-0.0011552731788457761, 0.07691627594158015, 0.06484568854279912]","[[-0.9627693   0.24518154 -0.11384768 -0.01258818]
 [-0.24449611 -0.9694406  -0.02016371  0.07559083]
 [-0.11531233  0.00842231  0.99329358 -0.06519184]
 [ 0.          0.          0.          1.        ]]",CubeS,normal,[-1.55858287  0.24775934 -1.69453859],"[-0.02780250916094664, 0.020546067555972714, 0.008501067891799196, 0.07192047705924598, 0.020696068510725613, 0.02742130830804943, 0.07192035092599006, 0.02069606851124222, -0.024850823129259923, -0.055875167978545685, 0.042799357421513154, 0.01451900087497342, 0.100142769057368, 0.04294935967581451, 0.03269310752782041, 0.10014276121166756, 0.04294935967584662, -0.030121989065681202]","[0.019608417366234216, 0.05025302045715053, 0.076040710868828, -0.07862022354028858, 0.0747171912992216, 0.08347780902840729, -0.07259248072543623, 0.07427690808147724, 0.03155625095989953, 0.04050112656434926, 0.021847564902843668, 0.0847655832137027, -0.11184052638523592, 0.060107933229152005, 0.08505250196709521, -0.10459716355490983, 0.05957888285333116, 0.022658670856487047]","[0.019608417366234213, 0.05025302045715052, 0.07604071086882801, -0.0786202235402886, 0.07471719129922161, 0.08347780902840729, -0.07259248072543623, 0.07427690808147724, 0.03155625095989954, 0.04050112656434926, 0.021847564902843675, 0.08476558321370271, -0.11184052638523594, 0.06010793322915199, 0.08505250196709521, -0.10459716355490985, 0.059578882853331155, 0.02265867085648706]",None,0,0,gym_kinova_gripper/envs/kinova_description/obj_hand_coords/with_noise/shape_coords/normal/CubeS.txt,0
"[0.04435562741124829, 0.09326861679025891, 0.018420007449660908]","[-0.05336790843095754, -0.015391553040732326, 0.047918641014220935]","[-0.053367908430957546, -0.015391553040732323, 0.04791864101422093]","[0.0, 0.0, 0.0]","[0.0006853802055809995, 0.07449987302079661, 0.04604067837909165]","[0.0006853802055809997, 0.07449987302079661, 0.04604067837909165]","[[-0.99445044  0.10474945  0.00979136 -0.00757304]
 [-0.10480717 -0.97828314 -0.17882267  0.08118692]
 [-0.00915286 -0.17885649  0.9838326  -0.03196526]
 [ 0.          0.          0.          1.        ]]",CubeS,normal,[-1.39328996  0.10594148 -1.58409063],"[-0.03997915640269039, 0.014174202810324062, 0.007398710476436875, 0.05974382981750222, 0.01432420376507703, 0.026318950892687112, 0.05974370368424634, 0.014324203765593652, -0.02595318054462227, -0.06805181522028944, 0.03642749267586449, 0.013416643459611098, 0.08796612181562424, 0.03657749493016591, 0.031590750112458085, 0.0879661139699238, 0.03657749493019807, -0.03122434648104356]","[0.03888939258768366, 0.05512238742835778, 0.050393651927838214, -0.060469070585816714, 0.06203756398169381, 0.06995760110494004, -0.05999050589567008, 0.07138676055526981, 0.018530572955520044, 0.06441887499325172, 0.029335427201241774, 0.05206002843631132, -0.0909152978116309, 0.042280918330363, 0.07144111067380247, -0.0903403525177029, 0.05351580500326948, 0.009641570874488916]","[0.038889392587683674, 0.05512238742835779, 0.050393651927838214, -0.060469070585816714, 0.0620375639816938, 0.06995760110494004, -0.059990505895670086, 0.07138676055526981, 0.018530572955520044, 0.06441887499325172, 0.02933542720124177, 0.052060028436311315, -0.09091529781163091, 0.04228091833036301, 0.07144111067380247, -0.0903403525177029, 0.05351580500326948, 0.009641570874488916]",None,0,0,gym_kinova_gripper/envs/kinova_description/obj_hand_coords/with_noise/shape_coords/normal/CubeS.txt,0
"[-0.028753480285356722, 0.1107380297676776, 0.022397225946852006]","[0.031824333584101576, -0.03997281011103211, 0.04787513864686941]","[0.031824333584101576, -0.039972810111032125, 0.04787513864686942]","[0.0, 0.0, 1.734723475976807e-18]","[0.0008773361505394258, 0.07242635079413298, 0.047728260725833194]","[0.0008773361505394266, 0.07242635079413298, 0.0477282607258332]","[[-0.99008674 -0.01660374  0.13947246 -0.00458559]
 [-0.00599996 -0.98708233 -0.16010143  0.0791374 ]
 [ 0.14032908 -0.15935113  0.97719751 -0.03522183]
 [ 0.          0.          0.          1.        ]]",CubeS,normal,[-1.41793958  0.00656811 -1.4308022 ],"[-0.05035413183261751, 0.011765196165028816, 0.007219168650663776, 0.04936885438757509, 0.011915197119781736, 0.026139409066913998, 0.049368728254319184, 0.011915197120298357, -0.026132722370395343, -0.07842679065021659, 0.03401848603056924, 0.013237101633838008, 0.0775911463856971, 0.034168488284870624, 0.03141120828668499, 0.07759113853999666, 0.03416848828490279, -0.031403888306816626]","[0.051674762847966994, 0.06049881754969702, 0.04587617513188568, -0.044405483404622664, 0.055680018345946596, 0.07824958138831047, -0.051740658630008624, 0.06400964375981884, 0.02716936731384998, 0.0801801021182118, 0.038040134861505814, 0.0442787380224997, -0.07174173265430185, 0.032405525107592266, 0.08377461910549168, -0.0805565095942573, 0.0424151819909112, 0.022391862270790486]","[0.051674762847966994, 0.06049881754969703, 0.04587617513188569, -0.044405483404622664, 0.055680018345946596, 0.07824958138831048, -0.051740658630008624, 0.06400964375981882, 0.02716936731384998, 0.0801801021182118, 0.03804013486150583, 0.04427873802249971, -0.07174173265430185, 0.032405525107592266, 0.08377461910549168, -0.08055650959425728, 0.04241518199091119, 0.022391862270790482]",None,0,0,gym_kinova_gripper/envs/kinova_description/obj_hand_coords/with_noise/shape_coords/normal/CubeS.txt,0
"[-0.05452981380064771, 0.06582003639077944, -0.02607267105475946]","[0.059835020536890285, 0.005249541762976898, 0.04791682613595385]","[0.059835020536890285, 0.0052495417629769, 0.04791682613595384]","[4.336808689942018e-19, 0.0, 6.613633252161577e-18]","[0.00203532491705295, 0.07105548053537225, 0.06564633735551206]","[0.0020353249170529508, 0.07105548053537226, 0.06564633735551205]","[[-9.88889766e-01  1.18374523e-04 -1.48650653e-01  1.17626717e-02]
 [-4.11141852e-16 -9.99999683e-01 -7.96326711e-04  7.11077339e-02]
 [-1.48650700e-01 -7.87479335e-04  9.88889452e-01 -6.45584634e-02]
 [ 0.00000000e+00  0.00000000e+00  0.00000000e+00  1.00000000e+00]]",CubeS,normal,[-1.57423697 -0.0030139  -1.72123317],"[-0.04983914064382965, 0.011828962801760753, 0.007188648162611872, 0.04988384557636297, 0.011978963756513764, 0.026108888578862087, 0.04988371944310707, 0.01197896375703035, -0.02616324285844726, -0.07791179946142873, 0.03408225266730118, 0.013206581145786092, 0.07810613757448498, 0.034232254921602666, 0.03138068779863306, 0.07810612972878453, 0.03423225492163477, -0.031434408794868564]","[0.050252143462828344, 0.05921496088781679, 0.08015431679050981, -0.05117540403292615, 0.059061865343235556, 0.0840403364917667, -0.04340499035820744, 0.059103028551072474, 0.03234899580563901, 0.07711833851995874, 0.03695361599262229, 0.09026068542263899, -0.07986779640877437, 0.036807770601373684, 0.08504058010692532, -0.07053028055400413, 0.03685723619088364, 0.02292339479667185]","[0.05025214346282835, 0.059214960887816796, 0.0801543167905098, -0.05117540403292615, 0.059061865343235556, 0.08404033649176669, -0.04340499035820744, 0.05910302855107248, 0.032348995805639005, 0.07711833851995874, 0.0369536159926223, 0.09026068542263899, -0.07986779640877438, 0.03680777060137369, 0.08504058010692532, -0.07053028055400412, 0.036857236190883644, 0.02292339479667184]",None,0,0,gym_kinova_gripper/envs/kinova_description/obj_hand_coords/with_noise/shape_coords/normal/CubeS.txt,0
"[0.009936050549426294, 0.14823758835361012, 0.051754773306750906]","[-0.0398738127661855, -0.07321191389838738, 0.04799785670451859]","[-0.0398738127661855, -0.07321191389838738, 0.04799785670451858]","[0.0, 0.0, 0.0]","[0.000994734024954133, 0.07838305579689835, 0.03797831042167087]","[0.0009947340249541361, 0.07838305579689836, 0.03797831042167087]","[[-0.97859071  0.19367159 -0.06965292 -0.01156183]
 [-0.16918235 -0.94966827 -0.26364277  0.0846189 ]
 [-0.11720729 -0.24621432  0.96210236 -0.0171234 ]
 [ 0.          0.          0.          1.        ]]",CubeS,normal,[-1.3023969   0.17076523 -1.69032441],"[-0.03315761512078747, 0.01720962521981853, 0.008695003123687286, 0.06656537109940511, 0.0173596261745715, 0.027615243539937502, 0.06656524496614925, 0.017359626175088128, -0.024656887897371853, -0.06123027393838655, 0.03946291508535894, 0.014712936106861502, 0.09478766309752713, 0.03961291733966041, 0.032887042759708496, 0.09478765525182672, 0.03961291733969258, -0.029928053833793135]","[0.02951178571567801, 0.05347709839114772, 0.0441161250651199, -0.07031917009001835, 0.06798972258184978, 0.05533378883207273, -0.06419237193765859, 0.08085984553912097, 0.005042656368384692, 0.0525132194854356, 0.02542527730017933, 0.0459944163989707, -0.1023200003125955, 0.051024341820264225, 0.05257311482029972, -0.09495760557072248, 0.06649031670168216, -0.007861437587103708]","[0.029511785715678005, 0.053477098391147726, 0.0441161250651199, -0.07031917009001833, 0.06798972258184979, 0.055333788832072725, -0.06419237193765859, 0.08085984553912097, 0.005042656368384697, 0.05251321948543561, 0.02542527730017933, 0.0459944163989707, -0.1023200003125955, 0.05102434182026423, 0.05257311482029971, -0.0949576055707225, 0.06649031670168216, -0.007861437587103701]",None,0,0,gym_kinova_gripper/envs/kinova_description/obj_hand_coords/with_noise/shape_coords/normal/CubeS.txt,0
"[-0.05365010181298454, 0.1439021618266727, 0.05013831666418228]","[0.07516058981657597, -0.07039289653465768, 0.047993872359052656]","[0.07516058981657597, -0.07039289653465772, 0.04799387235905264]","[0.0, 0.0, 1.734723475976807e-18]","[0.0004901825073491935, 0.0727913863491231, 0.043239105468558234]","[0.0004901825073491956, 0.07279138634912309, 0.04323910546855823]","[[-0.96381876 -0.12003406  0.23800255 -0.00108112]
 [ 0.06994285 -0.97546981 -0.20872624  0.07999665]
 [ 0.25721856 -0.18452769  0.94857163 -0.02770945]
 [ 0.          0.          0.          1.        ]]",CubeS,normal,[-1.3600045  -0.07123817 -1.31946293],"[-0.059023256208099464, 0.011534640365739146, 0.00832764156616014, 0.040699730012093135, 0.011684641320492066, 0.027247881982410366, 0.040699603878837226, 0.011684641321008674, -0.025024249454899, -0.08709591502569854, 0.03378793023127957, 0.014345574549334357, 0.06892202201021516, 0.033937932485580954, 0.03251968120218135, 0.06892201416451468, 0.03393793248561308, -0.03029541539132029]","[0.06032669395114826, 0.06708781368854738, 0.03468320265412848, -0.03091106301256112, 0.051480028734618336, 0.0763334215182697, -0.044356303707933295, 0.061125699619456526, 0.02674953037568038, 0.09048803179959661, 0.04763960123193036, 0.02906543336791648, -0.055199774489749026, 0.02541218564842821, 0.08340623227006799, -0.07135697548605224, 0.037003311357270786, 0.023821611596459027]","[0.06032669395114825, 0.06708781368854737, 0.03468320265412847, -0.030911063012561125, 0.051480028734618336, 0.07633342151826969, -0.044356303707933295, 0.061125699619456506, 0.02674953037568038, 0.0904880317995966, 0.04763960123193035, 0.029065433367916477, -0.05519977448974903, 0.025412185648428197, 0.08340623227006799, -0.07135697548605224, 0.03700331135727078, 0.023821611596459024]",None,0,0,gym_kinova_gripper/envs/kinova_description/obj_hand_coords/with_noise/shape_coords/normal/CubeS.txt,0
"[-0.056666349408666446, 0.07365923141678969, -0.016093690417322674]","[0.05762299767473672, -0.0034257501106473433, 0.04791409044953054]","[0.05762299767473673, -0.0034257501106473437, 0.04791409044953054]","[-4.336808689942018e-19, -1.3877787807814457e-17, 2.6020852139652106e-18]","[0.0018929964383749588, 0.07163449187684623, 0.06039973958923883]","[0.0018929964383749595, 0.07163449187684624, 0.060399739589238825]","[[-0.99109168  0.04020864 -0.12696669  0.00666456]
 [-0.03399345 -0.99813295 -0.05074514  0.07463009]
 [-0.12877003 -0.04597705  0.99060809 -0.05629517]
 [ 0.          0.          0.          1.        ]]",CubeS,normal,[-1.52791287  0.03481959 -1.70975303],"[-0.04630287092439238, 0.012420678350356242, 0.007430220842907259, 0.05342011529580023, 0.012570679305109238, 0.026350461259157465, 0.053419989162544326, 0.012570679305625838, -0.02592167017815189, -0.07437552974199145, 0.03467396821589667, 0.013448153826081468, 0.08164240729392222, 0.03482397047019813, 0.03162226047892845, 0.08164239944822178, 0.034823970470230274, -0.03119283611457318]","[0.046404375268461015, 0.057033608529951964, 0.0730088096752236, -0.05487170598248238, 0.06002371638954029, 0.07908224361396042, -0.04814049707342115, 0.062427029746314616, 0.027301063282231988, 0.07269555845684081, 0.033416416550363426, 0.08140526904053812, -0.08427790074290172, 0.03870437152638125, 0.07959199319664133, -0.07618919113501972, 0.041592424081650516, 0.01736685125732261]","[0.04640437526846101, 0.05703360852995197, 0.0730088096752236, -0.05487170598248238, 0.060023716389540294, 0.07908224361396042, -0.04814049707342115, 0.06242702974631463, 0.027301063282231988, 0.07269555845684081, 0.033416416550363426, 0.0814052690405381, -0.0842779007429017, 0.038704371526381245, 0.07959199319664133, -0.07618919113501972, 0.04159242408165052, 0.017366851257322617]",None,0,0,gym_kinova_gripper/envs/kinova_description/obj_hand_coords/with_noise/shape_coords/normal/CubeS.txt,0
"[0.04984323636442106, 0.08396685638007094, 0.006003822508205156]","[-0.047027990746150196, -0.013135760156297905, 0.047908711516155215]","[-0.04702799074615019, -0.013135760156297902, 0.04790871151615522]","[0.0, 0.0, 1.734723475976807e-18]","[-5.458049778074136e-05, 0.0726482551454336, 0.04557879420180402]","[-5.458049778074106e-05, 0.0726482551454336, 0.04557879420180402]","[[-9.71148378e-01 -4.28810893e-02  2.34589088e-01 -7.63005721e-03]
 [-3.78341383e-16 -9.83700815e-01 -1.79812978e-01  7.96598065e-02]
 [ 2.38476053e-01 -1.74625082e-01  9.55319451e-01 -3.08430850e-02]
 [ 0.00000000e+00  0.00000000e+00  0.00000000e+00  1.00000000e+00]]",CubeS,normal,[-1.39171338 -0.00587844 -1.33773296],"[-0.05190789401283229, 0.011607142638041357, 0.00741778003032067, 0.0478150922073603, 0.011757143592794339, 0.026338020446570895, 0.04781496607410442, 0.011757143593310926, -0.025934110990738463, -0.07998055283043136, 0.03386043250358178, 0.013435713013494888, 0.07603738420548231, 0.034010434757883255, 0.03160981966634187, 0.07603737635978186, 0.03401043475791536, -0.031205276927159745]","[0.05212464948094919, 0.062160836068769744, 0.038401003345089765, -0.040209142563748954, 0.05443310120630683, 0.07984282930522056, -0.052674671679380475, 0.06356113183198203, 0.02990621582593731, 0.08082249946324745, 0.0404231608464276, 0.033563082031081104, -0.06635997778651326, 0.030411729563443273, 0.08749829283568841, -0.08133986649885037, 0.0413808212679627, 0.02748980742408318]","[0.052124649480949185, 0.06216083606876976, 0.03840100334508977, -0.040209142563748954, 0.054433101206306844, 0.07984282930522058, -0.052674671679380475, 0.06356113183198203, 0.02990621582593731, 0.08082249946324745, 0.0404231608464276, 0.033563082031081104, -0.06635997778651326, 0.03041172956344327, 0.08749829283568841, -0.08133986649885036, 0.04138082126796271, 0.02748980742408318]",None,0,0,gym_kinova_gripper/envs/kinova_description/obj_hand_coords/with_noise/shape_coords/normal/CubeS.txt,0
"[0.005134254496172785, 0.038067651008194016, -0.00916140202369099]","[-0.008274733026115557, 0.036970374908314854, 0.04791899718015017]","[-0.008274733026115559, 0.03697037490831486, 0.04791899718015018]","[0.0, 0.0, 0.0]","[0.0006346432740012321, 0.0735386285995639, 0.059869886078813044]","[0.0006346432740012305, 0.0735386285995639, 0.05986988607881305]","[[-0.98452542  0.13570195 -0.11088133 -0.00271606]
 [-0.12963414 -0.98972996 -0.06024619  0.07647259]
 [-0.1179181  -0.0449399   0.99200591 -0.05601163]
 [ 0.          0.          0.          1.        ]]",CubeS,normal,[-1.51457572  0.1300471  -1.69217886],"[-0.03744271511121417, 0.015154346278467026, 0.007991865755967978, 0.062280271108978436, 0.015304347233219988, 0.02691210617221821, 0.062280144975722554, 0.015304347233736575, -0.025360025265091152, -0.06551537392881324, 0.03740763614400743, 0.014009798739142192, 0.09050256310710046, 0.037557638398308876, 0.03218390539198919, 0.09050255526140003, 0.03755763839834099, -0.03063119120151244]","[0.034591041981528244, 0.05309971494024009, 0.07103657043590006, -0.06583925734434244, 0.06563358465010644, 0.07873910675713683, -0.059675302926264225, 0.06798267196345412, 0.026884857367705114, 0.05863487896816032, 0.02699500743110895, 0.07877845322641285, -0.09713124820525723, 0.04720174174410252, 0.07949876152601627, -0.0897242038620094, 0.05002464492388624, 0.0171858152645392]","[0.03459104198152824, 0.05309971494024009, 0.07103657043590006, -0.06583925734434244, 0.06563358465010644, 0.07873910675713683, -0.059675302926264225, 0.06798267196345412, 0.02688485736770512, 0.0586348789681603, 0.026995007431108956, 0.07877845322641285, -0.09713124820525725, 0.04720174174410252, 0.07949876152601629, -0.0897242038620094, 0.05002464492388625, 0.017185815264539203]",None,0,0,gym_kinova_gripper/envs/kinova_description/obj_hand_coords/with_noise/shape_coords/normal/CubeS.txt,0
"[0.0139718510417981, 0.03750373318127344, -0.01201946794021391]","[-0.02034965089863105, 0.039682128565726546, 0.0479163323454672]","[-0.020349650898631052, 0.039682128565726546, 0.0479163323454672]","[0.0, 0.0, 0.0]","[-9.423898162042033e-05, 0.07400714118255027, 0.0604750755373352]","[-9.423898162042046e-05, 0.07400714118255027, 0.0604750755373352]","[[-0.98633975  0.15050317  0.06695286 -0.01528024]
 [-0.15339201 -0.98734321 -0.04030234  0.07549328]
 [ 0.06003983 -0.05002183  0.99694184 -0.0565825 ]
 [ 0.          0.          0.          1.        ]]",CubeS,normal,[-1.53312206  0.15495484 -1.51675474],"[-0.035712319872599485, 0.015908980712981323, 0.006829052028967104, 0.0640106663475931, 0.016058981667734305, 0.025749292445217335, 0.0640105402143372, 0.016058981668250913, -0.02652283899209203, -0.06378497869019856, 0.03816227057852174, 0.01284698501214134, 0.09223295834571511, 0.03831227283282319, 0.031021091664988294, 0.09223295050001466, 0.038312272832855335, -0.031794004928513316]","[0.03309994636804549, 0.052583098126576314, 0.06425103206926398, -0.06414784035523147, 0.06649719599953295, 0.08978410544819115, -0.06728612557871472, 0.06911192479692431, 0.0376718220191625, 0.05773696452828897, 0.026085411366978017, 0.06747415677692029, -0.09508156807730599, 0.048509399395997965, 0.09603248626929009, -0.09885296775736381, 0.05165152442921516, 0.03340948766031346]","[0.03309994636804548, 0.05258309812657633, 0.06425103206926398, -0.06414784035523148, 0.06649719599953294, 0.08978410544819117, -0.06728612557871472, 0.0691119247969243, 0.0376718220191625, 0.05773696452828897, 0.026085411366978013, 0.06747415677692029, -0.09508156807730599, 0.048509399395997965, 0.09603248626929009, -0.09885296775736382, 0.051651524429215154, 0.03340948766031346]",None,0,0,gym_kinova_gripper/envs/kinova_description/obj_hand_coords/with_noise/shape_coords/normal/CubeS.txt,0
"[0.005206893275259491, 0.06727701906201379, -0.019580399676915324]","[-0.010468964579122454, 0.006481964579051234, 0.047953334410872406]","[-0.010468964579122452, 0.00648196457905123, 0.04795333441087239]","[0.0, 0.0, -4.7704895589362195e-18]","[0.00033952475055254797, 0.07311963289349502, 0.06742892947194125]","[0.00033952475055255095, 0.07311963289349502, 0.06742892947194123]","[[-9.84293990e-01  1.19492274e-01 -1.29949750e-01  3.59333509e-04]
 [-1.21697584e-01 -9.92525187e-01  9.13513541e-03  7.19984243e-02]
 [-1.27886822e-01  2.48062295e-02  9.91478498e-01 -6.86247354e-02]
 [ 0.00000000e+00  0.00000000e+00  0.00000000e+00  1.00000000e+00]]",CubeS,normal,[-1.58998957  0.12267759 -1.7026492 ],"[-0.03853213791170526, 0.014714579975376237, 0.007898567373689016, 0.061190848308487346, 0.01486458093012917, 0.02681880778993924, 0.06119072217523147, 0.014864580930645757, -0.02545332364737013, -0.06660479672930433, 0.03696786984091668, 0.013916500356863218, 0.08941314030660938, 0.03711787209521806, 0.03209060700971023, 0.08941313246090896, 0.03711787209525017, -0.030724489583791426]","[0.03546562500762292, 0.05410668253593281, 0.08040185057268942, -0.06512901517275221, 0.06634326904513596, 0.08620325522600436, -0.05844397423697571, 0.06504657948227628, 0.034376577261081516, 0.05961958843106432, 0.028814548227768095, 0.09021982355064548, -0.09629041298756874, 0.047759436377833205, 0.08796593782349679, -0.08825718217016575, 0.04620122973632396, 0.02568612123138015]","[0.03546562500762292, 0.0541066825359328, 0.0804018505726894, -0.06512901517275221, 0.06634326904513595, 0.08620325522600433, -0.058443974236975706, 0.06504657948227628, 0.0343765772610815, 0.059619588431064324, 0.0288145482277681, 0.09021982355064548, -0.09629041298756874, 0.0477594363778332, 0.08796593782349678, -0.08825718217016575, 0.04620122973632396, 0.025686121231380143]",None,0,0,gym_kinova_gripper/envs/kinova_description/obj_hand_coords/with_noise/shape_coords/normal/CubeS.txt,0
"[-0.020926600391451382, 0.10454003347868288, 0.05705045417465476]","[0.014260577095374018, -0.04048576704295776, 0.04782695079875788]","[0.01426057709537402, -0.04048576704295777, 0.04782695079875787]","[0.0, 0.0, 0.0]","[0.001116013768353635, 0.07826520866614979, 0.02920648495391646]","[0.0011160137683536352, 0.07826520866614979, 0.02920648495391646]","[[-0.99757819  0.06805356  0.0143689  -0.00463258]
 [-0.06894526 -0.9402461  -0.33344239  0.08340418]
 [-0.00918164 -0.33362552  0.94266097 -0.0014103 ]
 [ 0.          0.          0.          1.        ]]",CubeS,normal,[-1.23858447  0.06948006 -1.58996828],"[-0.043344580935099034, 0.013126002750261781, 0.007402625544849294, 0.056378405285093566, 0.013276003705014736, 0.026322865961099534, 0.05637827915183768, 0.013276003705531322, -0.025949265476209838, -0.07141723975269809, 0.03537929261580223, 0.013420558528023511, 0.08460069728321559, 0.03552929487010363, 0.03159466518087051, 0.08460068943751516, 0.035529294870135744, -0.031220431412631134]","[0.04338267847607326, 0.06050407810983868, 0.03118507168271207, -0.05628285852450961, 0.06083726903014221, 0.050403336343287884, -0.05580278865096931, 0.07827657766026608, 0.0011284363186804059, 0.06979783729106201, 0.03566232885472255, 0.02903437899338565, -0.08601946429599143, 0.04007551941895257, 0.04835818828194751, -0.0854427106820676, 0.061032238368734906, -0.010855151821273005]","[0.04338267847607326, 0.06050407810983868, 0.031185071682712066, -0.05628285852450961, 0.060837269030142214, 0.050403336343287884, -0.05580278865096931, 0.07827657766026606, 0.001128436318680401, 0.06979783729106201, 0.035662328854722536, 0.029034378993385644, -0.08601946429599143, 0.04007551941895257, 0.048358188281947496, -0.0854427106820676, 0.0610322383687349, -0.010855151821273005]",None,0,0,gym_kinova_gripper/envs/kinova_description/obj_hand_coords/with_noise/shape_coords/normal/CubeS.txt,0
"[-0.06261617300164705, 0.0891028595159437, 0.025907956346848986]","[0.06921801880661185, -0.01661932853787267, 0.0478793469679579]","[0.06921801880661185, -0.016619328537872666, 0.0478793469679579]","[0.0, 0.0, -1.734723475976807e-18]","[0.000798324850198645, 0.07197461689910573, 0.048968019637254154]","[0.0007983248501986457, 0.07197461689910573, 0.048968019637254154]","[[-0.97766904 -0.05076704  0.20392637 -0.00555143]
 [ 0.01999867 -0.98845404 -0.15019543  0.07848241]
 [ 0.20919682 -0.14276316  0.96739618 -0.03726316]
 [ 0.          0.          0.          1.        ]]",CubeS,normal,[-1.42121176 -0.02941391 -1.36563315],"[-0.05325408437723135, 0.011511151587974729, 0.007522670446601803, 0.04646890184296126, 0.011661152542727711, 0.026442910862852054, 0.04646877570970537, 0.01166115254324427, -0.02582922057445732, -0.08132674319483044, 0.033764441453515155, 0.013540603429776017, 0.07469119384108329, 0.0339144437078166, 0.03171471008262303, 0.07469118599538281, 0.0339144437078487, -0.031100386510878607]","[0.054667120603991065, 0.06222596458751126, 0.04365658795355293, -0.03886790126496227, 0.05431394144824336, 0.08227357323446231, -0.04980294159632241, 0.06177648260426895, 0.03170568720526976, 0.0838168584563151, 0.04079563696706372, 0.040411215626664436, -0.06491208249449262, 0.030132204985227597, 0.08978641863655179, -0.07805279325127781, 0.039099887176081816, 0.02901933250449056]","[0.054667120603991065, 0.06222596458751125, 0.04365658795355292, -0.03886790126496228, 0.05431394144824335, 0.0822735732344623, -0.04980294159632242, 0.06177648260426895, 0.031705687205269756, 0.08381685845631512, 0.0407956369670637, 0.04041121562666443, -0.06491208249449264, 0.030132204985227604, 0.08978641863655176, -0.0780527932512778, 0.039099887176081816, 0.029019332504490555]",None,0,0,gym_kinova_gripper/envs/kinova_description/obj_hand_coords/with_noise/shape_coords/normal/CubeS.txt,0
"[-0.11773503560804965, 0.054441375940357195, 0.020712267128924534]","[0.10230539286259947, -0.003044276717938042, 0.04794389538201625]","[0.10230539286259947, -0.003044276717938041, 0.047943895382016245]","[0.0, 0.0, 1.734723475976807e-18]","[-0.001185548274239983, 0.07779585281174796, 0.04496084429918697]","[-0.0011855482742399786, 0.07779585281174797, 0.04496084429918696]","[[-0.97590412  0.20932156  0.06160872 -0.02021131]
 [-0.21725362 -0.95840215 -0.1851113   0.08262491]
 [ 0.02029815 -0.19403559  0.98078447 -0.02897767]
 [ 0.          0.          0.          1.        ]]",CubeS,normal,[-1.38038429  0.21991573 -1.55339455],"[-0.030405587083503174, 0.018779494275764037, 0.007454716092576832, 0.06931739913668941, 0.018929495230516943, 0.02637495650882707, 0.06931727300343354, 0.018929495231033544, -0.02589717492848229, -0.05847824590110224, 0.041032784141304485, 0.013472649075751044, 0.09753969113481145, 0.041182786395605825, 0.03164675572859804, 0.09753968328911101, 0.041182786395637945, -0.03116834086490359]","[0.024558793303401594, 0.05198652010619595, 0.04692276814957252, -0.07240982222129047, 0.06904572947349412, 0.07159548501162469, -0.07347072655167453, 0.07918835716803985, 0.020327782600975727, 0.04724256188420099, 0.023615013492310245, 0.04697620736776331, -0.10467967348700528, 0.05260274485393116, 0.07438538759209655, -0.1059546959144443, 0.06479110782059395, 0.012777315993860243]","[0.024558793303401598, 0.05198652010619596, 0.04692276814957251, -0.07240982222129046, 0.06904572947349413, 0.07159548501162467, -0.07347072655167453, 0.07918835716803986, 0.020327782600975723, 0.04724256188420099, 0.02361501349231024, 0.046976207367763305, -0.10467967348700527, 0.05260274485393118, 0.07438538759209655, -0.1059546959144443, 0.06479110782059397, 0.012777315993860238]",None,0,0,gym_kinova_gripper/envs/kinova_description/obj_hand_coords/with_noise/shape_coords/normal/CubeS.txt,0
"[0.0639934707101674, 0.11667826530302655, 0.0384921269030902]","[-0.06896499593849864, -0.04376582149549395, 0.04790331856808123]","[-0.06896499593849864, -0.04376582149549395, 0.04790331856808122]","[4.336808689942018e-19, 1.3877787807814457e-17, 0.0]","[0.0006274630710948192, 0.07553928927119384, 0.03723533304472639]","[0.0006274630710948192, 0.07553928927119384, 0.037235333044726385]","[[-0.99718575  0.05026236  0.05562617 -0.00524234]
 [-0.06295833 -0.96426819 -0.2573385   0.08246172]
 [ 0.0407041  -0.26011641  0.96471894 -0.01629816]
 [ 0.          0.          0.          1.        ]]",CubeS,normal,[-1.31832414  0.06324397 -1.53084211],"[-0.044458535089842786, 0.012836761851650773, 0.007188989343477984, 0.055264451130349834, 0.012986762806403755, 0.0261092297597282, 0.05526432499709396, 0.012986762806920335, -0.026162901677581146, -0.07253119390744187, 0.03509005171719119, 0.013206922326652198, 0.08348674312847185, 0.03524005397149263, 0.03138102897949918, 0.08348673528277142, 0.035240053971524785, -0.03143406761400243]","[0.044445321032524555, 0.059056642890559216, 0.03839423636870942, -0.054236332444882726, 0.05900284975101297, 0.06215555686296879, -0.056363896739887426, 0.07259968283100576, 0.011727634782233706, 0.0712829009285347, 0.034622141942914575, 0.036911647725866026, -0.08356564620974292, 0.037591946544330006, 0.06308463074350669, -0.08612247036901392, 0.053931183867350733, 0.002485717106614044]","[0.04444532103252455, 0.05905664289055921, 0.03839423636870942, -0.054236332444882726, 0.05900284975101297, 0.06215555686296879, -0.05636389673988742, 0.07259968283100576, 0.011727634782233702, 0.07128290092853469, 0.03462214194291457, 0.036911647725866026, -0.08356564620974292, 0.03759194654433001, 0.0630846307435067, -0.08612247036901391, 0.05393118386735074, 0.0024857171066140406]",None,0,0,gym_kinova_gripper/envs/kinova_description/obj_hand_coords/with_noise/shape_coords/normal/CubeS.txt,0
"[-0.026616017605792016, 0.11134609114113105, 0.02468821933697441]","[0.030834471342506452, -0.040665166448014316, 0.0478715750022647]","[0.03083447134250645, -0.04066516644801431, 0.04787157500226469]","[0.0, 0.0, 1.734723475976807e-18]","[0.0008116992652680106, 0.0725297785293669, 0.046684070056050866]","[0.0008116992652680104, 0.0725297785293669, 0.04668407005605086]","[[-9.88651763e-01 -2.55333939e-02  1.48039649e-01 -4.25667402e-03]
 [ 1.66583146e-16 -9.85449730e-01 -1.69967143e-01  7.94092087e-02]
 [ 1.50225470e-01 -1.68038315e-01  9.74266613e-01 -3.34168869e-02]
